40
40.0 44.99388145852094
44.99388145852094 50.61123421758587
50.61123421758587 56.92989682138743
56.92989682138743 64.03742572568333
64.03742572568333 72.03230855025592
72.03230855025592 81.02532880234551
81.02532880234551 91.14110098176037
91.14110098176037 102.51979733931029
102.51979733931029 115.319090215913
115.319090215913 129.71633687698184
129.71633687698184 145.91103711691218
145.91103711691218 164.12759768820482
164.12759768820482 184.61844186137267
184.61844186137267 207.66750720418617
207.66750720418617 233.5941800482923
233.5941800482923 262.75772116233145
262.75772116233145 295.56224395722614
295.56224395722614 332.46231420564715
332.46231420564715 373.9692488698606
373.9692488698606 420.6582013195654
420.6582013195654 473.17613111817934
473.17613111817934 532.2507688133234
532.2507688133234 598.7006999548324
598.7006999548324 673.4467080725308
673.4467080725308 757.5245337911656
757.5245337911656 852.0992268830265
852.0992268830265 958.4812901318055
958.4812901318055 1078.1448387100163
1078.1448387100163 1212.748026700867
1212.748026700867 1364.1560238108507
1364.1560238108507 1534.4668606568166
1534.4668606568166 1726.0405007605386
1726.0405007605386 1941.5315420956458
1941.5315420956458 2183.926001325772
2183.926001325772 2456.5826904458354
2456.5826904458354 2763.279759174358
2763.279759174358 3108.2670480255324
3108.2670480255324 3496.3249775071954
3496.3249775071954 3932.8307894606146
3932.8307894606146 4000.0
