35
1999.9999999999998 2153.7731438351384
2153.7731438351384 2319.3693775527486
2319.3693775527486 2497.6977380033663
2497.6977380033663 2689.737154764713
2689.737154764713 2896.5418239538885
2896.5418239538885 3119.246995213567
3119.246995213567 3359.0752036397175
3359.0752036397175 3617.342980860887
3617.342980860887 3895.4680821093625
3895.4680821093625 4194.977268957061
4194.977268957061 4517.514690439297
4517.514690439297 4864.8509085744345
4864.8509085744345 5238.892617824796
5238.892617824796 5641.693111853606
5641.693111853606 6075.463555034994
6075.463555034994 6542.585120591764
6542.585120591764 7045.622061992964
7045.622061992964 7587.3357893664
7587.3357893664 8170.700028198267
8170.700028198267 8798.917143533221
8798.917143533221 9475.435719286223
9475.435719286223 10203.96948916743
10203.96948916743 10988.517723140985
10988.517723140985 11833.387181328751
11833.387181328751 12743.21575587443
12743.21575587443 13722.997930549573
13722.997930549573 14778.11219786143
14778.11219786143 15914.350584168213
15914.350584168213 17137.950444879276
17137.950444879276 18455.62870427923
18455.62870427923 19874.61872793475
19874.61872793475 21402.710030094382
21402.710030094382 23048.291034054117
23048.291034054117 24820.39512022099
24820.39512022099 25000.0
