size then wavelenght (nm)
162
   0.0000000000000000     
   6.0000000000000000     
   12.000000000000000     
   18.000000000000000     
   24.000000000000000     
   30.000000000000000     
   36.000000000000000     
   42.000000000000000     
   48.000000000000000     
   54.000000000000000     
   60.000000000000000     
   62.000000000000000     
   64.000000000000000     
   66.000000000000000     
   68.000000000000000     
   70.000000000000000     
   72.000000000000000     
   74.000000000000000     
   76.000000000000000     
   78.000000000000000     
   80.000000000000000     
   85.000000000000000     
   87.000000000000000     
   89.000000000000000     
   91.000000000000000     
   93.000000000000000     
   95.000000000000000     
   97.000000000000000     
   99.000000000000000     
   101.00000000000000     
   103.00000000000000     
   105.00000000000000     
   107.00000000000000     
   109.00000000000000     
   111.00000000000000     
   113.00000000000000     
   115.00000000000000     
   117.00000000000000     
   120.00000000000000     
   120.20000000000000     
   120.40000000000001     
   120.59999999999999     
   120.80000000000000     
   121.00000000000000     
   121.20000000000000     
   121.40000000000001     
   121.59999999999999     
   121.80000000000000     
   122.00000000000000     
   122.20000000000000     
   122.40000000000001     
   122.59999999999999     
   122.80000000000000     
   123.00000000000000     
   128.00000000000000     
   133.00000000000000     
   138.00000000000000     
   143.00000000000000     
   148.00000000000000     
   153.00000000000000     
   158.00000000000000     
   163.00000000000000     
   165.00000000000000     
   167.00000000000000     
   169.00000000000000     
   171.00000000000000     
   173.00000000000000     
   175.00000000000000     
   175.50000000000000     
   176.00000000000000     
   176.50000000000000     
   177.00000000000000     
   177.50000000000000     
   178.00000000000000     
   178.50000000000000     
   179.00000000000000     
   179.50000000000000     
   180.00000000000000     
   180.50000000000000     
   181.00000000000000     
   181.50000000000000     
   182.00000000000000     
   182.50000000000000     
   183.00000000000000     
   183.50000000000000     
   184.00000000000000     
   184.50000000000000     
   185.00000000000000     
   185.50000000000000     
   186.00000000000000     
   186.50000000000000     
   187.00000000000000     
   187.50000000000000     
   188.00000000000000     
   188.50000000000000     
   189.00000000000000     
   189.50000000000000     
   190.00000000000000     
   190.50000000000000     
   191.00000000000000     
   191.50000000000000     
   192.00000000000000     
   192.50000000000000     
   193.00000000000000     
   193.50000000000000     
   194.00000000000000     
   194.50000000000000     
   195.00000000000000     
   195.50000000000000     
   196.00000000000000     
   196.50000000000000     
   197.00000000000000     
   197.50000000000000     
   198.00000000000000     
   198.50000000000000     
   199.00000000000000     
   199.50000000000000     
   200.00000000000000     
   200.50000000000000     
   201.00000000000000     
   201.50000000000000     
   202.00000000000000     
   202.50000000000000     
   203.00000000000000     
   203.50000000000000     
   204.00000000000000     
   204.50000000000000     
   205.00000000000000     
   210.00000000000000     
   215.00000000000000     
   220.00000000000000     
   225.00000000000000     
   230.00000000000000     
   235.00000000000000     
   240.00000000000000     
   245.00000000000000     
   255.00000000000000     
   265.00000000000000     
   275.00000000000000     
   285.00000000000000     
   295.00000000000000     
   305.00000000000000     
   315.00000000000000     
   325.00000000000000     
   335.00000000000000     
   345.00000000000000     
   355.00000000000000     
   365.00000000000000     
   375.00000000000000     
   385.00000000000000     
   395.00000000000000     
   405.00000000000000     
   415.00000000000000     
   465.00000000000000     
   515.00000000000000     
   565.00000000000000     
   615.00000000000000     
   665.00000000000000     
   715.00000000000000     
   765.00000000000000     
   815.00000000000000     
   865.00000000000000     
